#Thu Feb 17 16:26:10 CET 2011
minLong=-122.534
maxLong=-122.349
timeGranularity=week
spaceGranularity=0.005
maxTakenTimestamp=2136\:6
minTakenTimestamp=1852\:1
maxLat=37.829388
minLat=37.650223
